<?xml version="1.0"?>
<opencv_storage>
    <images>
        pictures/WIN_20220505_18_57_45_Pro.jpg
        pictures/WIN_20220505_18_58_07_Pro.jpg
        pictures/WIN_20220505_18_58_21_Pro.jpg
        pictures/WIN_20220505_18_57_47_Pro.jpg
        pictures/WIN_20220505_18_58_08_Pro.jpg
        pictures/WIN_20220505_18_58_24_Pro.jpg
        pictures/WIN_20220505_18_57_49_Pro.jpg
        pictures/WIN_20220505_18_58_10_Pro.jpg
        pictures/WIN_20220505_18_58_26_Pro.jpg
        pictures/WIN_20220505_18_57_52_Pro.jpg
        pictures/WIN_20220505_18_58_12_Pro.jpg
        pictures/WIN_20220505_18_58_29_Pro.jpg
        pictures/WIN_20220505_18_58_01_Pro.jpg
        pictures/WIN_20220505_18_58_14_Pro.jpg
        pictures/WIN_20220505_18_58_33_Pro.jpg
        pictures/WIN_20220505_18_58_04_Pro.jpg
        pictures/WIN_20220505_18_58_16_Pro.jpg
        pictures/WIN_20220505_18_58_37_Pro.jpg
        pictures/WIN_20220505_18_58_05_Pro.jpg
        pictures/WIN_20220505_18_58_18_Pro.jpg
        pictures/WIN_20220505_18_58_43_Pro.jpg
    </images>
</opencv_storage>
