<?xml version="1.0"?>
<opencv_storage>
<calibration_time>"Fri 06 May 2022 01:36:11 PM CDT"</calibration_time>
<nr_of_frames>19</nr_of_frames>
<image_width>1920</image_width>
<image_height>1080</image_height>
<board_width>9</board_width>
<board_height>6</board_height>
<square_size>50.</square_size>
<!-- flags: +fix_skew +fix_k4 +recompute_extrinsic -->
<flags>650</flags>
<fisheye_model>1</fisheye_model>
<camera_matrix type_id="opencv-matrix">
  <rows>3</rows>
  <cols>3</cols>
  <dt>d</dt>
  <data>
    8.2804735197242110e+02 0. 9.5950000000000000e+02 0.
    8.1493664394052257e+02 5.3950000000000000e+02 0. 0. 1.</data></camera_matrix>
<distortion_coefficients type_id="opencv-matrix">
  <rows>4</rows>
  <cols>1</cols>
  <dt>d</dt>
  <data>
    1.5578282126799230e-02 -5.9815534987732559e-02
    2.3916622369095607e-02 0.</data></distortion_coefficients>
<avg_reprojection_error>1.5605631757540026e+00</avg_reprojection_error>
<per_view_reprojection_errors type_id="opencv-matrix">
  <rows>19</rows>
  <cols>1</cols>
  <dt>f</dt>
  <data>
    7.60649443e-01 8.76983762e-01 8.85427713e-01 4.55300868e-01
    1.49906766e+00 2.25637627e+00 1.02132809e+00 1.60322177e+00
    2.77686453e+00 1.27886605e+00 1.02725744e+00 9.57901537e-01
    5.76488554e-01 1.71216667e+00 1.71535110e+00 4.98082042e-01
    2.79187560e+00 4.59323049e-01 2.68360376e+00</data></per_view_reprojection_errors>
<!-- a set of 6-tuples (rotation vector + translation vector) for each view -->
<extrinsic_parameters type_id="opencv-matrix">
  <rows>19</rows>
  <cols>6</cols>
  <dt>d</dt>
  <data>
    4.9684223090631092e-02 -1.8587514263663607e-01
    1.7410161281625858e-01 -1.9351784710693533e+02
    -3.1403140513482060e+02 8.0219350872814675e+02
    7.2492382003815348e-01 -9.8932229064765975e-01
    3.3044054814952803e-02 -7.5193480771546433e+02
    -5.0010961909395070e+02 4.6941482037480637e+02
    -1.5311105509024261e+00 4.1213199600774386e-01
    -1.0043717526093116e-02 1.8083686685533678e+02
    3.8370452387665267e+02 7.9640330315456663e+02
    -8.0806382455149317e-01 -5.5938133312877469e-01
    -1.9165851951776730e-01 -4.9085525997154269e+02
    -1.1136353528955025e+01 1.0770695938052579e+03
    5.6607046758607460e-01 -3.3493247525382647e-01
    4.9175429432470891e-01 -6.5575843803476133e+01
    -3.1571309508123329e+02 6.3455688912840128e+02
    2.8278565906207459e-01 3.6716172785451273e-01 1.3207337221281951e-01
    -1.5701847108588214e+02 -2.0479757558216855e+02
    4.7661541322632416e+02 9.3414413435422328e-01 4.0566110050530868e-01
    4.8247797822270039e-01 6.4791965130959980e+01
    -4.0229704485773436e+02 6.2185892926416193e+02
    -7.0911847374373593e-01 -3.2440621567921007e-01
    3.4817478513575573e-01 -3.1626816032672480e+02
    2.2180070469699868e+02 9.0587206570208866e+02 3.8265134699158376e-01
    -5.6369194338153472e-01 1.2603101520949136e-01
    -4.8918612416060262e+02 -2.1441909974011972e+02
    1.9932446000173627e+02 1.3881750396431825e+00 1.4368380455598109e-01
    3.0342572062871137e-01 -6.7291545828313332e+01
    -3.0854746103718202e+02 4.8073505425940726e+02
    -8.3025392014211263e-01 5.1930883817391849e-01
    5.1429543613664148e-02 3.1956458642965271e+02 1.3167755566512551e+02
    8.4428462566771157e+02 6.3175401527096120e-01 8.0632138836754108e-01
    3.8676760202525001e-01 1.9596972374396097e+02
    -3.3879988413981482e+02 5.2558474922501273e+02
    1.5296832943799146e-01 6.7004442147660181e-01 2.2350122066439709e-01
    3.4523392254618238e+02 -3.2740690920687211e+02
    6.8535094565022416e+02 -2.5079145279581333e-01
    6.8283991432708024e-01 -2.7894217152414574e-01
    2.5896027094557616e+02 -2.6559483126419025e+02
    7.0021351760990672e+02 -8.5080234607560301e-01
    -3.8241710076601426e-01 1.0351220214309636e-02
    -6.8691292195090102e+02 1.7984471980296104e+02
    6.1799139175671291e+02 -1.1590220180667263e+00
    -7.1814455732947780e-01 -2.0090003178637525e-01
    -1.0896441170339945e+03 3.0777657742558523e+02
    8.1699522461448544e+02 4.5759084634605923e-01
    -6.1223723129517182e-01 1.5892022204722170e-01
    -4.2981916808317999e+02 -1.8205128558249623e+02
    2.1859234457766209e+02 -1.6701649551222837e-02
    -2.3986548833677790e-01 -2.2334183596387047e-01
    -8.9895954993468649e+02 -3.8999168710721563e+02
    6.5706073817094432e+02 -4.6228598967762802e-01
    8.0493238567897363e-01 -5.9484325195953547e-01
    2.8762956705108263e+02 -9.5307455240607382e+01
    6.8549274773147567e+02</data></extrinsic_parameters>
